{
  "animations" : [],
  "bones" : [{
      "boneId" : 0,
      "children" : [1, 62, 67],
      "globalBindMatrix" : [100.000000, 0.000002, -0.000024, 0.000000, -0.000000, 99.683152, 7.954197, 0.000000, 0.000024, -7.954197, 99.683152, 0.000000, 0.000000, 285.174992, 13.134186, 1.000000],
      "hiddenByDefaultInViewer" : false,
      "importedNonBoneRoot" : false,
      "length" : 1.000000,
      "localBindMatrix" : [1.000000, 0.000000, 0.000000, 0.000000, -0.000000, -0.079542, 0.996832, 0.000000, 0.000000, -0.996832, -0.079542, 0.000000, 0.000000, -0.131342, 2.851750, 1.000000],
      "name" : "hips",
      "nodeId" : 9,
      "parentBoneId" : 78,
      "sourceNodeId" : 9,
      "synthetic" : false,
      "virtualRoot" : false
    }, {
      "boneId" : 1,
      "children" : [2],
      "globalBindMatrix" : [100.000000, 0.000000, 0.000000, 0.000000, -0.000000, 98.961796, 14.372379, 0.000000, -0.000000, -14.372377, 98.961784, 0.000000, -0.000000, 378.097922, 20.548955, 1.000000],
      "hiddenByDefaultInViewer" : false,
      "importedNonBoneRoot" : false,
      "length" : 1.000000,
      "localBindMatrix" : [1.000000, -0.000000, 0.000000, 0.000000, -0.000000, 0.997914, 0.064552, 0.000000, -0.000000, -0.064552, 0.997914, 0.000000, -0.000000, 0.932183, 0.000000, 1.000000],
      "name" : "spine",
      "nodeId" : 10,
      "parentBoneId" : 0,
      "sourceNodeId" : 10,
      "synthetic" : false,
      "virtualRoot" : false
    }, {
      "boneId" : 2,
      "children" : [3, 6, 34],
      "globalBindMatrix" : [100.000000, -0.000000, -0.000024, 0.000000, -0.000000, 99.993448, -1.146796, 0.000000, 0.000024, 1.146799, 99.993424, 0.000000, -0.000000, 428.598318, 27.883214, 1.000000],
      "hiddenByDefaultInViewer" : false,
      "importedNonBoneRoot" : false,
      "length" : 1.000000,
      "localBindMatrix" : [1.000000, -0.000000, -0.000000, 0.000000, -0.000000, 0.987905, -0.155063, 0.000000, 0.000000, 0.155063, 0.987905, 0.000000, 0.000000, 0.510302, 0.000000, 1.000000],
      "name" : "chest",
      "nodeId" : 11,
      "parentBoneId" : 1,
      "sourceNodeId" : 11,
      "synthetic" : false,
      "virtualRoot" : false
    }, {
      "boneId" : 3,
      "children" : [4],
      "globalBindMatrix" : [100.000000, 0.000004, -0.000024, 0.000000, -0.000000, 98.805020, 15.413357, 0.000000, 0.000024, -15.413358, 98.805002, 0.000000, -0.000000, 509.983015, 26.949834, 1.000000],
      "hiddenByDefaultInViewer" : false,
      "importedNonBoneRoot" : false,
      "length" : 1.000000,
      "localBindMatrix" : [1.000000, 0.000000, 0.000000, 0.000000, -0.000000, 0.986217, 0.165454, 0.000000, 0.000000, -0.165454, 0.986217, 0.000000, -0.000000, 0.813900, -0.000000, 1.000000],
      "name" : "neck",
      "nodeId" : 12,
      "parentBoneId" : 2,
      "sourceNodeId" : 12,
      "synthetic" : false,
      "virtualRoot" : false
    }, {
      "boneId" : 4,
      "children" : [5],
      "globalBindMatrix" : [100.000000, 0.000009, -0.000022, 0.000000, -0.000000, 92.164328, 38.803863, 0.000000, 0.000024, -38.803866, 92.164306, 0.000000, -0.000000, 540.447679, 31.702246, 1.000000],
      "hiddenByDefaultInViewer" : false,
      "importedNonBoneRoot" : false,
      "length" : 1.000000,
      "localBindMatrix" : [1.000000, 0.000000, 0.000000, 0.000000, -0.000000, 0.970439, 0.241345, 0.000000, 0.000000, -0.241345, 0.970439, 0.000000, 0.000000, 0.308331, -0.000000, 1.000000],
      "name" : "head",
      "nodeId" : 13,
      "parentBoneId" : 3,
      "sourceNodeId" : 13,
      "synthetic" : false,
      "virtualRoot" : false
    }, {
      "boneId" : 5,
      "children" : [],
      "globalBindMatrix" : [100.000000, 0.000009, -0.000022, 0.000000, -0.000000, 92.164328, 38.803863, 0.000000, 0.000024, -38.803866, 92.164306, 0.000000, -0.000000, 616.014753, 63.518182, 1.000000],
      "hiddenByDefaultInViewer" : false,
      "importedNonBoneRoot" : false,
      "length" : 1.000000,
      "localBindMatrix" : [1.000000, 0.000000, -0.000000, 0.000000, -0.000000, 1.000000, -0.000000, 0.000000, -0.000000, -0.000000, 1.000000, 0.000000, 0.000000, 0.819917, 0.000000, 1.000000],
      "name" : "head_end",
      "nodeId" : 16,
      "parentBoneId" : 4,
      "sourceNodeId" : 16,
      "synthetic" : false,
      "virtualRoot" : false
    }, {
      "boneId" : 6,
      "children" : [7],
      "globalBindMatrix" : [24.278485, 4.918299, 96.883257, 0.000000, 95.884103, -16.375188, -23.196813, 0.000000, 14.723923, 98.527494, -8.691509, 0.000000, 5.845394, 496.831840, 24.668957, 1.000000],
      "hiddenByDefaultInViewer" : false,
      "importedNonBoneRoot" : false,
      "length" : 1.000000,
      "localBindMatrix" : [0.242785, 0.038069, 0.969333, 0.000000, 0.958841, -0.161081, -0.233831, 0.000000, 0.147239, 0.986207, -0.075610, 0.000000, 0.058454, 0.682659, -0.024315, 1.000000],
      "name" : "shoulder.L",
      "nodeId" : 17,
      "parentBoneId" : 2,
      "sourceNodeId" : 17,
      "synthetic" : false,
      "virtualRoot" : false
    }, {
      "boneId" : 7,
      "children" : [8],
      "globalBindMatrix" : [-93.735323, -21.294479, 27.572349, 0.000000, 18.517813, -97.492496, -12.341287, 0.000000, 29.508979, -6.462347, 95.328161, 0.000000, 70.419657, 485.860074, 7.084051, 1.000000],
      "hiddenByDefaultInViewer" : false,
      "importedNonBoneRoot" : false,
      "length" : 1.000000,
      "localBindMatrix" : [0.029081, -0.927862, -0.371789, 0.000000, -0.122558, 0.365830, -0.922577, 0.000000, 0.992035, 0.072395, -0.103078, 0.000000, -0.018988, 0.677922, 0.002261, 1.000000],
      "name" : "upper_arm.L",
      "nodeId" : 18,
      "parentBoneId" : 6,
      "sourceNodeId" : 18,
      "synthetic" : false,
      "virtualRoot" : false
    }, {
      "boneId" : 8,
      "children" : [9],
      "globalBindMatrix" : [-97.098229, -20.212396, -12.782623, 0.000000, 14.742466, -92.674622, 34.555367, 0.000000, -18.830712, 31.668186, 92.965207, 0.000000, 85.766846, 405.060340, -3.144155, 1.000000],
      "hiddenByDefaultInViewer" : false,
      "importedNonBoneRoot" : false,
      "length" : 1.000000,
      "localBindMatrix" : [0.917950, 0.033026, -0.395319, 0.000000, 0.154434, 0.888162, 0.432803, 0.000000, 0.365401, -0.458342, 0.810188, 0.000000, -0.000000, 0.828779, -0.000000, 1.000000],
      "name" : "forearm.L",
      "nodeId" : 19,
      "parentBoneId" : 7,
      "sourceNodeId" : 19,
      "synthetic" : false,
      "virtualRoot" : false
    }, {
      "boneId" : 9,
      "children" : [10, 19, 24, 29],
      "globalBindMatrix" : [9.449247, -34.031581, -93.555132, 0.000000, -5.940174, -94.000933, 33.593761, 0.000000, -99.375189, 2.382971, -10.903915, 0.000000, 100.525155, 312.286271, 31.448296, 1.000000],
      "hiddenByDefaultInViewer" : false,
      "importedNonBoneRoot" : false,
      "length" : 1.000000,
      "localBindMatrix" : [0.096623, 0.006034, -0.995303, 0.000000, 0.204735, 0.978477, 0.025807, 0.000000, 0.974037, -0.206267, 0.093309, 0.000000, -0.000000, 1.001073, -0.000000, 1.000000],
      "name" : "hand.L",
      "nodeId" : 20,
      "parentBoneId" : 8,
      "sourceNodeId" : 20,
      "synthetic" : false,
      "virtualRoot" : false
    }, {
      "boneId" : 10,
      "children" : [11, 15],
      "globalBindMatrix" : [24.910926, -48.812690, -83.646666, 0.000000, 2.635911, -85.995712, 50.968479, 0.000000, -96.811654, -14.901587, -20.135670, 0.000000, 99.750194, 302.825274, 42.614345, 1.000000],
      "hiddenByDefaultInViewer" : false,
      "importedNonBoneRoot" : false,
      "length" : 1.000000,
      "localBindMatrix" : [0.972214, 0.163046, -0.167977, 0.000000, -0.181689, 0.978024, -0.102263, 0.000000, 0.147612, 0.129941, 0.980472, 0.000000, -0.072999, 0.126906, -0.006729, 1.000000],
      "name" : "palm.01.L",
      "nodeId" : 21,
      "parentBoneId" : 9,
      "sourceNodeId" : 21,
      "synthetic" : false,
      "virtualRoot" : false
    }, {
      "boneId" : 11,
      "children" : [12],
      "globalBindMatrix" : [10.438287, -34.462039, -93.292047, 0.000000, -37.289997, -88.317251, 28.452018, 0.000000, -92.198128, 31.818691, -22.069694, 0.000000, 100.276384, 285.658057, 52.789115, 1.000000],
      "hiddenByDefaultInViewer" : false,
      "importedNonBoneRoot" : false,
      "length" : 1.000000,
      "localBindMatrix" : [0.974578, -0.176385, 0.138149, 0.000000, 0.100216, 0.894677, 0.435327, 0.000000, -0.200384, -0.410416, 0.889609, 0.000000, 0.000000, 0.199629, 0.000000, 1.000000],
      "name" : "f_index.01.L",
      "nodeId" : 22,
      "parentBoneId" : 10,
      "sourceNodeId" : 22,
      "synthetic" : false,
      "virtualRoot" : false
    }, {
      "boneId" : 12,
      "children" : [13],
      "globalBindMatrix" : [5.624432, -27.396347, -96.009383, 0.000000, -57.270572, -79.653745, 19.374206, 0.000000, -81.782900, 53.895436, -20.170106, 0.000000, 96.588114, 276.922767, 55.603260, 1.000000],
      "hiddenByDefaultInViewer" : false,
      "importedNonBoneRoot" : false,
      "length" : 1.000000,
      "localBindMatrix" : [0.995976, -0.052183, 0.072862, 0.000000, 0.033976, 0.972166, 0.231818, 0.000000, -0.082931, -0.228409, 0.970027, 0.000000, -0.000000, 0.098908, -0.000000, 1.000000],
      "name" : "f_index.02.L",
      "nodeId" : 23,
      "parentBoneId" : 11,
      "sourceNodeId" : 23,
      "synthetic" : false,
      "virtualRoot" : false
    }, {
      "boneId" : 13,
      "children" : [14],
      "globalBindMatrix" : [-2.061375, -8.956485, -99.576739, 0.000000, -52.486262, -84.672648, 8.702451, 0.000000, -85.093714, 52.443509, -2.955492, 0.000000, 90.180916, 268.011400, 57.770775, 1.000000],
      "hiddenByDefaultInViewer" : false,
      "importedNonBoneRoot" : false,
      "length" : 1.000000,
      "localBindMatrix" : [0.979409, -0.109775, 0.169435, 0.000000, 0.118900, 0.991902, -0.044652, 0.000000, -0.163161, 0.063878, 0.984529, 0.000000, 0.000000, 0.111876, -0.000000, 1.000000],
      "name" : "f_index.03.L",
      "nodeId" : 24,
      "parentBoneId" : 12,
      "sourceNodeId" : 24,
      "synthetic" : false,
      "virtualRoot" : false
    }, {
      "boneId" : 14,
      "children" : [],
      "globalBindMatrix" : [-2.061375, -8.956485, -99.576739, 0.000000, -52.486262, -84.672648, 8.702451, 0.000000, -85.093714, 52.443509, -2.955492, 0.000000, 84.207103, 258.374238, 58.761260, 1.000000],
      "hiddenByDefaultInViewer" : false,
      "importedNonBoneRoot" : false,
      "length" : 1.000000,
      "localBindMatrix" : [1.000000, -0.000000, 0.000000, 0.000000, 0.000000, 1.000000, 0.000000, 0.000000, 0.000000, 0.000000, 1.000000, 0.000000, -0.000000, 0.113817, 0.000000, 1.000000],
      "name" : "f_index.03.L_end",
      "nodeId" : 25,
      "parentBoneId" : 13,
      "sourceNodeId" : 25,
      "synthetic" : false,
      "virtualRoot" : false
    }, {
      "boneId" : 15,
      "children" : [16],
      "globalBindMatrix" : [81.191867, -4.413120, 58.209967, 0.000000, -51.895210, -51.122533, 68.508152, 0.000000, 26.735067, -85.831274, -43.797558, 0.000000, 98.021772, 312.429931, 39.724926, 1.000000],
      "hiddenByDefaultInViewer" : false,
      "importedNonBoneRoot" : false,
      "length" : 1.000000,
      "localBindMatrix" : [-0.263109, 0.356040, -0.896665, 0.000000, -0.452781, 0.775129, 0.440641, 0.000000, 0.851917, 0.521930, -0.042735, 0.000000, -0.027020, -0.097778, 0.008239, 1.000000],
      "name" : "thumb.01.L",
      "nodeId" : 26,
      "parentBoneId" : 10,
      "sourceNodeId" : 26,
      "synthetic" : false,
      "virtualRoot" : false
    }, {
      "boneId" : 16,
      "children" : [17],
      "globalBindMatrix" : [86.641234, -25.837870, 42.728165, 0.000000, -46.736927, -72.085371, 51.179613, 0.000000, 17.577034, -64.312517, -74.531494, 0.000000, 91.375646, 305.882729, 48.498650, 1.000000],
      "hiddenByDefaultInViewer" : false,
      "importedNonBoneRoot" : false,
      "length" : 1.000000,
      "localBindMatrix" : [0.963580, -0.024814, 0.266267, 0.000000, -0.049737, 0.961684, 0.269612, 0.000000, -0.262755, -0.273036, 0.925425, 0.000000, 0.000000, 0.128068, 0.000000, 1.000000],
      "name" : "thumb.02.L",
      "nodeId" : 27,
      "parentBoneId" : 15,
      "sourceNodeId" : 27,
      "synthetic" : false,
      "virtualRoot" : false
    }, {
      "boneId" : 17,
      "children" : [18],
      "globalBindMatrix" : [87.429464, -27.304754, 40.131434, 0.000000, -43.052924, -81.805644, 38.134935, 0.000000, 22.417136, -50.618971, -83.277761, 0.000000, 86.319489, 298.084267, 54.035416, 1.000000],
      "hiddenByDefaultInViewer" : false,
      "importedNonBoneRoot" : false,
      "length" : 1.000000,
      "localBindMatrix" : [0.999524, -0.006400, 0.030173, 0.000000, 0.001296, 0.986089, 0.166213, 0.000000, -0.030817, -0.166095, 0.985628, 0.000000, -0.000000, 0.108183, 0.000000, 1.000000],
      "name" : "thumb.03.L",
      "nodeId" : 28,
      "parentBoneId" : 16,
      "sourceNodeId" : 28,
      "synthetic" : false,
      "virtualRoot" : false
    }, {
      "boneId" : 18,
      "children" : [],
      "globalBindMatrix" : [87.429464, -27.304754, 40.131434, 0.000000, -43.052924, -81.805644, 38.134935, 0.000000, 22.417136, -50.618971, -83.277761, 0.000000, 80.254777, 286.560598, 59.407348, 1.000000],
      "hiddenByDefaultInViewer" : false,
      "importedNonBoneRoot" : false,
      "length" : 1.000000,
      "localBindMatrix" : [1.000000, -0.000000, 0.000000, 0.000000, 0.000000, 1.000000, 0.000000, 0.000000, 0.000000, 0.000000, 1.000000, 0.000000, 0.000000, 0.140866, 0.000000, 1.000000],
      "name" : "thumb.03.L_end",
      "nodeId" : 29,
      "parentBoneId" : 17,
      "sourceNodeId" : 29,
      "synthetic" : false,
      "virtualRoot" : false
    }, {
      "boneId" : 19,
      "children" : [20],
      "globalBindMatrix" : [15.666742, -38.964548, -90.754183, 0.000000, -4.497668, -92.075023, 38.755197, 0.000000, -98.662714, -1.989865, -16.177649, 0.000000, 102.187632, 300.200867, 37.835092, 1.000000],
      "hiddenByDefaultInViewer" : false,
      "importedNonBoneRoot" : false,
      "length" : 1.000000,
      "localBindMatrix" : [0.996458, 0.052086, -0.066016, 0.000000, -0.053479, 0.998379, -0.019504, 0.000000, 0.064893, 0.022965, 0.997628, 0.000000, -0.017052, 0.134072, -0.026365, 1.000000],
      "name" : "palm.02.L",
      "nodeId" : 30,
      "parentBoneId" : 9,
      "sourceNodeId" : 30,
      "synthetic" : false,
      "virtualRoot" : false
    }, {
      "boneId" : 20,
      "children" : [21],
      "globalBindMatrix" : [10.141937, -20.569291, -97.334716, 0.000000, -58.808675, -80.154042, 10.810907, 0.000000, -80.241434, 56.144804, -20.225688, 0.000000, 101.354929, 283.154004, 45.010261, 1.000000],
      "hiddenByDefaultInViewer" : false,
      "importedNonBoneRoot" : false,
      "length" : 1.000000,
      "localBindMatrix" : [0.979389, -0.192392, 0.061495, 0.000000, 0.122069, 0.806366, 0.578682, 0.000000, -0.160921, -0.559248, 0.813232, 0.000000, 0.000000, 0.185141, 0.000000, 1.000000],
      "name" : "f_middle.01.L",
      "nodeId" : 31,
      "parentBoneId" : 19,
      "sourceNodeId" : 31,
      "synthetic" : false,
      "virtualRoot" : false
    }, {
      "boneId" : 21,
      "children" : [22],
      "globalBindMatrix" : [-6.124644, -14.546657, -98.746564, 0.000000, -56.788703, -80.850978, 15.432640, 0.000000, -82.082502, 57.022079, -3.309021, 0.000000, 94.160550, 273.348337, 46.332803, 1.000000],
      "hiddenByDefaultInViewer" : false,
      "importedNonBoneRoot" : false,
      "length" : 1.000000,
      "localBindMatrix" : [0.984857, 0.045861, 0.167195, 0.000000, -0.041503, 0.998704, -0.029469, 0.000000, -0.168330, 0.022084, 0.985483, 0.000000, 0.000000, 0.122335, 0.000000, 1.000000],
      "name" : "f_middle.02.L",
      "nodeId" : 32,
      "parentBoneId" : 20,
      "sourceNodeId" : 32,
      "synthetic" : false,
      "virtualRoot" : false
    }, {
      "boneId" : 22,
      "children" : [23],
      "globalBindMatrix" : [-18.606728, -6.211139, -98.057187, 0.000000, -45.909766, -87.685717, 14.265725, 0.000000, -86.868223, 47.672206, 13.463917, 0.000000, 87.460602, 263.809494, 48.153552, 1.000000],
      "hiddenByDefaultInViewer" : false,
      "importedNonBoneRoot" : false,
      "length" : 1.000000,
      "localBindMatrix" : [0.988712, 0.004555, 0.149759, 0.000000, 0.014802, 0.991679, -0.127884, 0.000000, -0.149095, 0.128657, 0.980417, 0.000000, 0.000000, 0.117980, -0.000000, 1.000000],
      "name" : "f_middle.03.L",
      "nodeId" : 33,
      "parentBoneId" : 21,
      "sourceNodeId" : 33,
      "synthetic" : false,
      "virtualRoot" : false
    }, {
      "boneId" : 23,
      "children" : [],
      "globalBindMatrix" : [-18.606728, -6.211139, -98.057187, 0.000000, -45.909766, -87.685717, 14.265725, 0.000000, -86.868223, 47.672206, 13.463917, 0.000000, 82.692986, 254.703548, 49.635012, 1.000000],
      "hiddenByDefaultInViewer" : false,
      "importedNonBoneRoot" : false,
      "length" : 1.000000,
      "localBindMatrix" : [1.000000, 0.000000, 0.000000, 0.000000, -0.000000, 1.000000, -0.000000, 0.000000, 0.000000, -0.000000, 1.000000, 0.000000, 0.000000, 0.103848, 0.000000, 1.000000],
      "name" : "f_middle.03.L_end",
      "nodeId" : 34,
      "parentBoneId" : 22,
      "sourceNodeId" : 34,
      "synthetic" : false,
      "virtualRoot" : false
    }, {
      "boneId" : 24,
      "children" : [25],
      "globalBindMatrix" : [-0.582629, -20.659647, -97.840885, 0.000000, -2.208677, -97.816047, 20.667542, 0.000000, -99.973942, 2.281394, 0.113597, 0.000000, 101.984963, 299.132000, 32.966265, 1.000000],
      "hiddenByDefaultInViewer" : false,
      "importedNonBoneRoot" : false,
      "length" : 1.000000,
      "localBindMatrix" : [0.985109, -0.134136, 0.107552, 0.000000, 0.137441, 0.990222, -0.023896, 0.000000, -0.103295, 0.038322, 0.993913, 0.000000, 0.031944, 0.127884, -0.019297, 1.000000],
      "name" : "palm.03.L",
      "nodeId" : 35,
      "parentBoneId" : 9,
      "sourceNodeId" : 35,
      "synthetic" : false,
      "virtualRoot" : false
    }, {
      "boneId" : 25,
      "children" : [26],
      "globalBindMatrix" : [-5.242944, -14.338113, -98.827764, 0.000000, -65.948693, -73.816680, 14.208113, 0.000000, -74.988564, 65.920540, -5.585630, 0.000000, 101.606301, 282.361682, 36.509661, 1.000000],
      "hiddenByDefaultInViewer" : false,
      "importedNonBoneRoot" : false,
      "length" : 1.000000,
      "localBindMatrix" : [0.996867, -0.062845, 0.048022, 0.000000, 0.017331, 0.765976, 0.642635, 0.000000, -0.077170, -0.639790, 0.764665, 0.000000, 0.000000, 0.171448, -0.000000, 1.000000],
      "name" : "f_ring.01.L",
      "nodeId" : 36,
      "parentBoneId" : 24,
      "sourceNodeId" : 36,
      "synthetic" : false,
      "virtualRoot" : false
    }, {
      "boneId" : 26,
      "children" : [27],
      "globalBindMatrix" : [-17.232513, -9.646817, -98.030487, 0.000000, -48.502236, -85.788210, 16.968162, 0.000000, -85.735501, 50.471011, 10.104536, 0.000000, 93.658799, 273.465985, 38.221895, 1.000000],
      "hiddenByDefaultInViewer" : false,
      "importedNonBoneRoot" : false,
      "length" : 1.000000,
      "localBindMatrix" : [0.991680, 0.045573, 0.120388, 0.000000, -0.019259, 0.977234, -0.211287, 0.000000, -0.127276, 0.207211, 0.969982, 0.000000, -0.000000, 0.120511, -0.000000, 1.000000],
      "name" : "f_ring.02.L",
      "nodeId" : 37,
      "parentBoneId" : 25,
      "sourceNodeId" : 37,
      "synthetic" : false,
      "virtualRoot" : false
    }, {
      "boneId" : 27,
      "children" : [28],
      "globalBindMatrix" : [-39.971261, -0.138947, -91.663928, 0.000000, -58.225991, -77.195322, 25.507201, 0.000000, -70.795729, 63.567792, 30.775035, 0.000000, 88.840020, 264.942771, 39.907710, 1.000000],
      "hiddenByDefaultInViewer" : false,
      "importedNonBoneRoot" : false,
      "length" : 1.000000,
      "localBindMatrix" : [0.967601, 0.039525, 0.249372, 0.000000, -0.075242, 0.987935, 0.135365, 0.000000, -0.241013, -0.149742, 0.958901, 0.000000, 0.000000, 0.099352, -0.000000, 1.000000],
      "name" : "f_ring.03.L",
      "nodeId" : 38,
      "parentBoneId" : 26,
      "sourceNodeId" : 38,
      "synthetic" : false,
      "virtualRoot" : false
    }, {
      "boneId" : 28,
      "children" : [],
      "globalBindMatrix" : [-39.971261, -0.138947, -91.663928, 0.000000, -58.225991, -77.195322, 25.507201, 0.000000, -70.795729, 63.567792, 30.775035, 0.000000, 83.732263, 258.170969, 42.145278, 1.000000],
      "hiddenByDefaultInViewer" : false,
      "importedNonBoneRoot" : false,
      "length" : 1.000000,
      "localBindMatrix" : [1.000000, 0.000000, 0.000000, 0.000000, -0.000000, 1.000000, 0.000000, 0.000000, 0.000000, -0.000000, 1.000000, 0.000000, 0.000000, 0.087723, 0.000000, 1.000000],
      "name" : "f_ring.03.L_end",
      "nodeId" : 39,
      "parentBoneId" : 27,
      "sourceNodeId" : 39,
      "synthetic" : false,
      "virtualRoot" : false
    }, {
      "boneId" : 29,
      "children" : [30],
      "globalBindMatrix" : [-10.890369, -3.922562, -99.327803, 0.000000, -7.148534, -99.632528, 4.718358, 0.000000, -99.147872, 7.614318, 10.569938, 0.000000, 101.309824, 298.802022, 28.078760, 1.000000],
      "hiddenByDefaultInViewer" : false,
      "importedNonBoneRoot" : false,
      "length" : 1.000000,
      "localBindMatrix" : [0.932321, -0.290338, 0.215595, 0.000000, 0.288168, 0.956652, 0.042152, 0.000000, -0.218487, 0.022829, 0.975573, 0.000000, 0.078154, 0.114968, -0.007337, 1.000000],
      "name" : "palm.04.L",
      "nodeId" : 40,
      "parentBoneId" : 9,
      "sourceNodeId" : 40,
      "synthetic" : false,
      "virtualRoot" : false
    }, {
      "boneId" : 30,
      "children" : [31],
      "globalBindMatrix" : [-26.906389, 2.601428, -96.277090, 0.000000, -54.154513, -83.073126, 12.889802, 0.000000, -79.645055, 55.606572, 23.760759, 0.000000, 99.953274, 279.895242, 28.974139, 1.000000],
      "hiddenByDefaultInViewer" : false,
      "importedNonBoneRoot" : false,
      "length" : 1.000000,
      "localBindMatrix" : [0.984581, -0.052112, 0.166988, 0.000000, -0.036469, 0.872472, 0.487300, 0.000000, -0.171086, -0.485876, 0.857119, 0.000000, 0.000000, 0.189765, 0.000000, 1.000000],
      "name" : "f_pinky.01.L",
      "nodeId" : 41,
      "parentBoneId" : 29,
      "sourceNodeId" : 41,
      "synthetic" : false,
      "virtualRoot" : false
    }, {
      "boneId" : 31,
      "children" : [32],
      "globalBindMatrix" : [-30.657783, 7.169554, -94.914157, 0.000000, -61.653759, -77.466455, 14.062883, 0.000000, -72.518367, 62.829515, 28.169786, 0.000000, 93.752135, 270.382655, 30.450126, 1.000000],
      "hiddenByDefaultInViewer" : false,
      "importedNonBoneRoot" : false,
      "length" : 1.000000,
      "localBindMatrix" : [0.998160, -0.015877, 0.058518, 0.000000, 0.010342, 0.995548, 0.093692, 0.000000, -0.059745, -0.092914, 0.993880, 0.000000, 0.000000, 0.114508, -0.000000, 1.000000],
      "name" : "f_pinky.02.L",
      "nodeId" : 42,
      "parentBoneId" : 30,
      "sourceNodeId" : 42,
      "synthetic" : false,
      "virtualRoot" : false
    }, {
      "boneId" : 32,
      "children" : [33],
      "globalBindMatrix" : [-46.492597, -6.735044, -88.278409, 0.000000, -61.684985, -69.061287, 37.755829, 0.000000, -63.509049, 72.008185, 27.953862, 0.000000, 88.273760, 263.499191, 31.699712, 1.000000],
      "hiddenByDefaultInViewer" : false,
      "importedNonBoneRoot" : false,
      "length" : 1.000000,
      "localBindMatrix" : [0.975594, 0.214673, 0.046162, 0.000000, -0.218758, 0.968400, 0.119778, 0.000000, -0.018990, -0.126953, 0.991727, 0.000000, 0.000000, 0.088857, -0.000000, 1.000000],
      "name" : "f_pinky.03.L",
      "nodeId" : 43,
      "parentBoneId" : 31,
      "sourceNodeId" : 43,
      "synthetic" : false,
      "virtualRoot" : false
    }, {
      "boneId" : 33,
      "children" : [],
      "globalBindMatrix" : [-46.492597, -6.735044, -88.278409, 0.000000, -61.684985, -69.061287, 37.755829, 0.000000, -63.509049, 72.008185, 27.953862, 0.000000, 84.903898, 259.726360, 33.762320, 1.000000],
      "hiddenByDefaultInViewer" : false,
      "importedNonBoneRoot" : false,
      "length" : 1.000000,
      "localBindMatrix" : [1.000000, -0.000000, 0.000000, 0.000000, -0.000000, 1.000000, -0.000000, 0.000000, 0.000000, 0.000000, 1.000000, 0.000000, 0.000000, 0.054630, -0.000000, 1.000000],
      "name" : "f_pinky.03.L_end",
      "nodeId" : 44,
      "parentBoneId" : 32,
      "sourceNodeId" : 44,
      "synthetic" : false,
      "virtualRoot" : false
    }, {
      "boneId" : 34,
      "children" : [35],
      "globalBindMatrix" : [24.278482, -4.918318, -96.883251, 0.000000, -95.884077, -16.375254, -23.196798, 0.000000, -14.723985, 98.527482, -8.691543, 0.000000, -5.845393, 496.831840, 24.668960, 1.000000],
      "hiddenByDefaultInViewer" : false,
      "importedNonBoneRoot" : false,
      "length" : 1.000000,
      "localBindMatrix" : [0.242785, -0.038069, -0.969333, 0.000000, -0.958841, -0.161082, -0.233831, 0.000000, -0.147240, 0.986207, -0.075611, 0.000000, -0.058454, 0.682659, -0.024315, 1.000000],
      "name" : "shoulder.R",
      "nodeId" : 45,
      "parentBoneId" : 2,
      "sourceNodeId" : 45,
      "synthetic" : false,
      "virtualRoot" : false
    }, {
      "boneId" : 35,
      "children" : [36],
      "globalBindMatrix" : [-93.735319, 21.294427, -27.572347, 0.000000, -18.517763, -97.492509, -12.341241, 0.000000, -29.508962, -6.462319, 95.328149, 0.000000, -70.419631, 485.859981, 7.084066, 1.000000],
      "hiddenByDefaultInViewer" : false,
      "importedNonBoneRoot" : false,
      "length" : 1.000000,
      "localBindMatrix" : [0.029081, 0.927862, 0.371789, 0.000000, 0.122558, 0.365830, -0.922577, 0.000000, -0.992035, 0.072395, -0.103078, 0.000000, 0.018988, 0.677922, 0.002260, 1.000000],
      "name" : "upper_arm.R",
      "nodeId" : 46,
      "parentBoneId" : 34,
      "sourceNodeId" : 46,
      "synthetic" : false,
      "virtualRoot" : false
    }, {
      "boneId" : 36,
      "children" : [37],
      "globalBindMatrix" : [-97.098207, 20.212356, 12.782629, 0.000000, -14.742412, -92.674627, 34.555419, 0.000000, 18.830717, 31.668248, 92.965187, 0.000000, -85.766767, 405.060198, -3.144102, 1.000000],
      "hiddenByDefaultInViewer" : false,
      "importedNonBoneRoot" : false,
      "length" : 1.000000,
      "localBindMatrix" : [0.917950, -0.033026, 0.395319, 0.000000, -0.154434, 0.888162, 0.432803, 0.000000, -0.365402, -0.458342, 0.810188, 0.000000, -0.000000, 0.828779, -0.000000, 1.000000],
      "name" : "forearm.R",
      "nodeId" : 47,
      "parentBoneId" : 35,
      "sourceNodeId" : 47,
      "synthetic" : false,
      "virtualRoot" : false
    }, {
      "boneId" : 37,
      "children" : [38, 47, 52, 57],
      "globalBindMatrix" : [9.449230, 34.031643, 93.555126, 0.000000, 5.940225, -94.000917, 33.593805, 0.000000, 99.375171, 2.383026, -10.903912, 0.000000, -100.525019, 312.286079, 31.448419, 1.000000],
      "hiddenByDefaultInViewer" : false,
      "importedNonBoneRoot" : false,
      "length" : 1.000000,
      "localBindMatrix" : [0.096624, -0.006034, 0.995303, 0.000000, -0.204735, 0.978477, 0.025807, 0.000000, -0.974037, -0.206267, 0.093309, 0.000000, 0.000000, 1.001074, 0.000000, 1.000000],
      "name" : "hand.R",
      "nodeId" : 48,
      "parentBoneId" : 36,
      "sourceNodeId" : 48,
      "synthetic" : false,
      "virtualRoot" : false
    }, {
      "boneId" : 38,
      "children" : [39, 43],
      "globalBindMatrix" : [24.910880, 48.812746, 83.646651, 0.000000, -2.635870, -85.995688, 50.968513, 0.000000, 96.811655, -14.901537, -20.135646, 0.000000, -99.750055, 302.825068, 42.614467, 1.000000],
      "hiddenByDefaultInViewer" : false,
      "importedNonBoneRoot" : false,
      "length" : 1.000000,
      "localBindMatrix" : [0.972214, -0.163045, 0.167977, 0.000000, 0.181689, 0.978024, -0.102263, 0.000000, -0.147612, 0.129941, 0.980472, 0.000000, 0.072999, 0.126906, -0.006729, 1.000000],
      "name" : "palm.01.R",
      "nodeId" : 49,
      "parentBoneId" : 37,
      "sourceNodeId" : 49,
      "synthetic" : false,
      "virtualRoot" : false
    }, {
      "boneId" : 39,
      "children" : [40],
      "globalBindMatrix" : [10.438252, 34.462085, 93.292036, 0.000000, 37.290035, -88.317211, 28.452053, 0.000000, 92.198115, 31.818740, -22.069692, 0.000000, -100.276252, 285.657855, 52.789252, 1.000000],
      "hiddenByDefaultInViewer" : false,
      "importedNonBoneRoot" : false,
      "length" : 1.000000,
      "localBindMatrix" : [0.974578, 0.176385, -0.138149, 0.000000, -0.100216, 0.894677, 0.435327, 0.000000, 0.200384, -0.410416, 0.889610, 0.000000, 0.000000, 0.199629, -0.000000, 1.000000],
      "name" : "f_index.01.R",
      "nodeId" : 50,
      "parentBoneId" : 38,
      "sourceNodeId" : 50,
      "synthetic" : false,
      "virtualRoot" : false
    }, {
      "boneId" : 40,
      "children" : [41],
      "globalBindMatrix" : [5.624395, 27.396401, 96.009372, 0.000000, 57.270626, -79.653688, 19.374248, 0.000000, 81.782869, 53.895496, -20.170118, 0.000000, -96.587966, 276.922546, 55.603381, 1.000000],
      "hiddenByDefaultInViewer" : false,
      "importedNonBoneRoot" : false,
      "length" : 1.000000,
      "localBindMatrix" : [0.995976, 0.052183, -0.072862, 0.000000, -0.033976, 0.972166, 0.231818, 0.000000, 0.082931, -0.228410, 0.970027, 0.000000, -0.000000, 0.098908, -0.000000, 1.000000],
      "name" : "f_index.02.R",
      "nodeId" : 51,
      "parentBoneId" : 39,
      "sourceNodeId" : 51,
      "synthetic" : false,
      "virtualRoot" : false
    }, {
      "boneId" : 41,
      "children" : [42],
      "globalBindMatrix" : [-2.061403, 8.956538, 99.576735, 0.000000, 52.486305, -84.672597, 8.702500, 0.000000, 85.093677, 52.443564, -2.955502, 0.000000, -90.180740, 268.011153, 57.770912, 1.000000],
      "hiddenByDefaultInViewer" : false,
      "importedNonBoneRoot" : false,
      "length" : 1.000000,
      "localBindMatrix" : [0.979409, 0.109775, -0.169435, 0.000000, -0.118900, 0.991902, -0.044652, 0.000000, 0.163161, 0.063878, 0.984529, 0.000000, 0.000000, 0.111877, -0.000000, 1.000000],
      "name" : "f_index.03.R",
      "nodeId" : 52,
      "parentBoneId" : 40,
      "sourceNodeId" : 52,
      "synthetic" : false,
      "virtualRoot" : false
    }, {
      "boneId" : 42,
      "children" : [],
      "globalBindMatrix" : [-2.061403, 8.956538, 99.576735, 0.000000, 52.486305, -84.672597, 8.702500, 0.000000, 85.093677, 52.443564, -2.955502, 0.000000, -84.206922, 258.373997, 58.761402, 1.000000],
      "hiddenByDefaultInViewer" : false,
      "importedNonBoneRoot" : false,
      "length" : 1.000000,
      "localBindMatrix" : [1.000000, -0.000000, 0.000000, 0.000000, 0.000000, 1.000000, 0.000000, 0.000000, 0.000000, -0.000000, 1.000000, 0.000000, 0.000000, 0.113817, -0.000000, 1.000000],
      "name" : "f_index.03.R_end",
      "nodeId" : 53,
      "parentBoneId" : 41,
      "sourceNodeId" : 53,
      "synthetic" : false,
      "virtualRoot" : false
    }, {
      "boneId" : 43,
      "children" : [44],
      "globalBindMatrix" : [81.191877, 4.413149, -58.209957, 0.000000, 51.895234, -51.122496, 68.508194, 0.000000, -26.735013, -85.831319, -43.797552, 0.000000, -98.021661, 312.429732, 39.725057, 1.000000],
      "hiddenByDefaultInViewer" : false,
      "importedNonBoneRoot" : false,
      "length" : 1.000000,
      "localBindMatrix" : [-0.263109, -0.356040, 0.896666, 0.000000, 0.452781, 0.775129, 0.440641, 0.000000, -0.851917, 0.521930, -0.042735, 0.000000, 0.027020, -0.097778, 0.008238, 1.000000],
      "name" : "thumb.01.R",
      "nodeId" : 54,
      "parentBoneId" : 38,
      "sourceNodeId" : 54,
      "synthetic" : false,
      "virtualRoot" : false
    }, {
      "boneId" : 44,
      "children" : [45],
      "globalBindMatrix" : [86.641223, 25.837902, -42.728148, 0.000000, 46.736960, -72.085341, 51.179668, 0.000000, -17.576984, -64.312569, -74.531491, 0.000000, -91.375521, 305.882554, 48.498784, 1.000000],
      "hiddenByDefaultInViewer" : false,
      "importedNonBoneRoot" : false,
      "length" : 1.000000,
      "localBindMatrix" : [0.963580, 0.024814, -0.266267, 0.000000, 0.049737, 0.961684, 0.269612, 0.000000, 0.262755, -0.273036, 0.925425, 0.000000, 0.000000, 0.128068, 0.000000, 1.000000],
      "name" : "thumb.02.R",
      "nodeId" : 55,
      "parentBoneId" : 43,
      "sourceNodeId" : 55,
      "synthetic" : false,
      "virtualRoot" : false
    }, {
      "boneId" : 45,
      "children" : [46],
      "globalBindMatrix" : [87.429455, 27.304796, -40.131432, 0.000000, 43.052985, -81.805630, 38.135000, 0.000000, -22.417094, -50.619036, -83.277760, 0.000000, -86.319356, 298.084100, 54.035569, 1.000000],
      "hiddenByDefaultInViewer" : false,
      "importedNonBoneRoot" : false,
      "length" : 1.000000,
      "localBindMatrix" : [0.999524, 0.006400, -0.030173, 0.000000, -0.001296, 0.986089, 0.166213, 0.000000, 0.030817, -0.166095, 0.985628, 0.000000, 0.000000, 0.108184, 0.000000, 1.000000],
      "name" : "thumb.03.R",
      "nodeId" : 56,
      "parentBoneId" : 44,
      "sourceNodeId" : 56,
      "synthetic" : false,
      "virtualRoot" : false
    }, {
      "boneId" : 46,
      "children" : [],
      "globalBindMatrix" : [87.429455, 27.304796, -40.131432, 0.000000, 43.052985, -81.805630, 38.135000, 0.000000, -22.417094, -50.619036, -83.277760, 0.000000, -80.254636, 286.560433, 59.407510, 1.000000],
      "hiddenByDefaultInViewer" : false,
      "importedNonBoneRoot" : false,
      "length" : 1.000000,
      "localBindMatrix" : [1.000000, -0.000000, 0.000000, 0.000000, 0.000000, 1.000000, -0.000000, 0.000000, -0.000000, -0.000000, 1.000000, 0.000000, 0.000000, 0.140866, -0.000000, 1.000000],
      "name" : "thumb.03.R_end",
      "nodeId" : 57,
      "parentBoneId" : 45,
      "sourceNodeId" : 57,
      "synthetic" : false,
      "virtualRoot" : false
    }, {
      "boneId" : 47,
      "children" : [48],
      "globalBindMatrix" : [15.666697, 38.964602, 90.754157, 0.000000, 4.497718, -92.074994, 38.755235, 0.000000, 98.662672, -1.989804, -16.177621, 0.000000, -102.187487, 300.200653, 37.835215, 1.000000],
      "hiddenByDefaultInViewer" : false,
      "importedNonBoneRoot" : false,
      "length" : 1.000000,
      "localBindMatrix" : [0.996458, -0.052086, 0.066016, 0.000000, 0.053479, 0.998378, -0.019504, 0.000000, -0.064893, 0.022965, 0.997628, 0.000000, 0.017052, 0.134072, -0.026365, 1.000000],
      "name" : "palm.02.R",
      "nodeId" : 58,
      "parentBoneId" : 37,
      "sourceNodeId" : 58,
      "synthetic" : false,
      "virtualRoot" : false
    }, {
      "boneId" : 48,
      "children" : [49],
      "globalBindMatrix" : [10.141904, 20.569348, 97.334708, 0.000000, 58.808723, -80.153985, 10.810955, 0.000000, 80.241351, 56.144866, -20.225692, 0.000000, -101.354766, 283.153804, 45.010421, 1.000000],
      "hiddenByDefaultInViewer" : false,
      "importedNonBoneRoot" : false,
      "length" : 1.000000,
      "localBindMatrix" : [0.979389, 0.192392, -0.061495, 0.000000, -0.122069, 0.806366, 0.578682, 0.000000, 0.160921, -0.559249, 0.813231, 0.000000, 0.000000, 0.185141, 0.000000, 1.000000],
      "name" : "f_middle.01.R",
      "nodeId" : 59,
      "parentBoneId" : 47,
      "sourceNodeId" : 59,
      "synthetic" : false,
      "virtualRoot" : false
    }, {
      "boneId" : 49,
      "children" : [50],
      "globalBindMatrix" : [-6.124668, 14.546705, 98.746572, 0.000000, 56.788759, -80.850930, 15.432692, 0.000000, 82.082421, 57.022154, -3.309025, 0.000000, -94.160404, 273.348159, 46.332983, 1.000000],
      "hiddenByDefaultInViewer" : false,
      "importedNonBoneRoot" : false,
      "length" : 1.000000,
      "localBindMatrix" : [0.984857, -0.045861, -0.167195, 0.000000, 0.041503, 0.998704, -0.029469, 0.000000, 0.168330, 0.022084, 0.985483, 0.000000, 0.000000, 0.122335, -0.000000, 1.000000],
      "name" : "f_middle.02.R",
      "nodeId" : 60,
      "parentBoneId" : 48,
      "sourceNodeId" : 60,
      "synthetic" : false,
      "virtualRoot" : false
    }, {
      "boneId" : 50,
      "children" : [51],
      "globalBindMatrix" : [-18.606734, 6.211174, 98.057196, 0.000000, 45.909829, -87.685675, 14.265772, 0.000000, 86.868142, 47.672290, 13.463917, 0.000000, -87.460459, 263.809352, 48.153735, 1.000000],
      "hiddenByDefaultInViewer" : false,
      "importedNonBoneRoot" : false,
      "length" : 1.000000,
      "localBindMatrix" : [0.988712, -0.004554, -0.149759, 0.000000, -0.014802, 0.991679, -0.127884, 0.000000, 0.149095, 0.128657, 0.980417, 0.000000, 0.000000, 0.117980, -0.000000, 1.000000],
      "name" : "f_middle.03.R",
      "nodeId" : 61,
      "parentBoneId" : 49,
      "sourceNodeId" : 61,
      "synthetic" : false,
      "virtualRoot" : false
    }, {
      "boneId" : 51,
      "children" : [],
      "globalBindMatrix" : [-18.606734, 6.211174, 98.057196, 0.000000, 45.909829, -87.685675, 14.265772, 0.000000, 86.868142, 47.672290, 13.463917, 0.000000, -82.692837, 254.703411, 49.635201, 1.000000],
      "hiddenByDefaultInViewer" : false,
      "importedNonBoneRoot" : false,
      "length" : 1.000000,
      "localBindMatrix" : [1.000000, -0.000000, 0.000000, 0.000000, 0.000000, 1.000000, -0.000000, 0.000000, 0.000000, -0.000000, 1.000000, 0.000000, 0.000000, 0.103848, 0.000000, 1.000000],
      "name" : "f_middle.03.R_end",
      "nodeId" : 62,
      "parentBoneId" : 50,
      "sourceNodeId" : 62,
      "synthetic" : false,
      "virtualRoot" : false
    }, {
      "boneId" : 52,
      "children" : [53],
      "globalBindMatrix" : [-0.582647, 20.659702, 97.840885, 0.000000, 2.208717, -97.816018, 20.667580, 0.000000, 99.973895, 2.281446, 0.113613, 0.000000, -101.984827, 299.131815, 32.966382, 1.000000],
      "hiddenByDefaultInViewer" : false,
      "importedNonBoneRoot" : false,
      "length" : 1.000000,
      "localBindMatrix" : [0.985109, 0.134136, -0.107552, 0.000000, -0.137441, 0.990222, -0.023896, 0.000000, 0.103295, 0.038323, 0.993912, 0.000000, -0.031944, 0.127884, -0.019297, 1.000000],
      "name" : "palm.03.R",
      "nodeId" : 63,
      "parentBoneId" : 37,
      "sourceNodeId" : 63,
      "synthetic" : false,
      "virtualRoot" : false
    }, {
      "boneId" : 53,
      "children" : [54],
      "globalBindMatrix" : [-5.242959, 14.338176, 98.827770, 0.000000, 65.948702, -73.816633, 14.208161, 0.000000, 74.988505, 65.920569, -5.585647, 0.000000, -101.606140, 282.361505, 36.509784, 1.000000],
      "hiddenByDefaultInViewer" : false,
      "importedNonBoneRoot" : false,
      "length" : 1.000000,
      "localBindMatrix" : [0.996867, 0.062845, -0.048022, 0.000000, -0.017331, 0.765976, 0.642636, 0.000000, 0.077170, -0.639790, 0.764665, 0.000000, -0.000000, 0.171447, 0.000000, 1.000000],
      "name" : "f_ring.01.R",
      "nodeId" : 64,
      "parentBoneId" : 52,
      "sourceNodeId" : 64,
      "synthetic" : false,
      "virtualRoot" : false
    }, {
      "boneId" : 54,
      "children" : [55],
      "globalBindMatrix" : [-17.232516, 9.646870, 98.030495, 0.000000, 48.502245, -85.788176, 16.968205, 0.000000, 85.735466, 50.471054, 10.104532, 0.000000, -93.658614, 273.465829, 38.222016, 1.000000],
      "hiddenByDefaultInViewer" : false,
      "importedNonBoneRoot" : false,
      "length" : 1.000000,
      "localBindMatrix" : [0.991680, -0.045573, -0.120388, 0.000000, 0.019259, 0.977234, -0.211287, 0.000000, 0.127276, 0.207211, 0.969982, 0.000000, -0.000000, 0.120511, 0.000000, 1.000000],
      "name" : "f_ring.02.R",
      "nodeId" : 65,
      "parentBoneId" : 53,
      "sourceNodeId" : 65,
      "synthetic" : false,
      "virtualRoot" : false
    }, {
      "boneId" : 55,
      "children" : [56],
      "globalBindMatrix" : [-39.971268, 0.138992, 91.663935, 0.000000, 58.225995, -77.195276, 25.507256, 0.000000, 70.795681, 63.567837, 30.775026, 0.000000, -88.839863, 264.942662, 39.907830, 1.000000],
      "hiddenByDefaultInViewer" : false,
      "importedNonBoneRoot" : false,
      "length" : 1.000000,
